Date,Wind Spd, Wind Dir
2021/08/23 0:00,,,
2021/08/23 0:01,,,
2021/08/23 0:02,,,
2021/08/23 0:03,,,
2021/08/23 0:04,,,
2021/08/23 0:05,,,
2021/08/23 0:06,,,
2021/08/23 0:07,,,
2021/08/23 0:08,,,
2021/08/23 0:09,,,
2021/08/23 0:10,,,
2021/08/23 0:11,,,
2021/08/23 0:12,,,
2021/08/23 0:13,,,
2021/08/23 0:14,,,
2021/08/23 0:15,,,
2021/08/23 0:16,,,
2021/08/23 0:17,,,
2021/08/23 0:18,,,
2021/08/23 0:19,,,
2021/08/23 0:20,,,
2021/08/23 0:21,,,
2021/08/23 0:22,,,
2021/08/23 0:23,,,
2021/08/23 0:24,,,
2021/08/23 0:25,,,
2021/08/23 0:26,,,
2021/08/23 0:27,,,
2021/08/23 0:28,,,
2021/08/23 0:29,,,
2021/08/23 0:30,,,
2021/08/23 0:31,,,
2021/08/23 0:32,,,
2021/08/23 0:33,,,
2021/08/23 0:34,,,
2021/08/23 0:35,,,
2021/08/23 0:36,,,
2021/08/23 0:37,,,
2021/08/23 0:38,,,
2021/08/23 0:39,,,
2021/08/23 0:40,,,
2021/08/23 0:41,,,
2021/08/23 0:42,,,
2021/08/23 0:43,,,
2021/08/23 0:44,,,
2021/08/23 0:45,,,
2021/08/23 0:46,,,
2021/08/23 0:47,,,
2021/08/23 0:48,,,
2021/08/23 0:49,,,
2021/08/23 0:50,,,
2021/08/23 0:51,,,
2021/08/23 0:52,,,
2021/08/23 0:53,,,
2021/08/23 0:54,,,
2021/08/23 0:55,,,
2021/08/23 0:56,,,
2021/08/23 0:57,,,
2021/08/23 0:58,,,
2021/08/23 0:59,,,
2021/08/23 1:00,,,
2021/08/23 1:01,,,
2021/08/23 1:02,,,
2021/08/23 1:03,,,
2021/08/23 1:04,,,
2021/08/23 1:05,,,
2021/08/23 1:06,,,
2021/08/23 1:07,,,
2021/08/23 1:08,,,
2021/08/23 1:09,,,
2021/08/23 1:10,,,
2021/08/23 1:11,,,
2021/08/23 1:12,,,
2021/08/23 1:13,,,
2021/08/23 1:14,,,
2021/08/23 1:15,,,
2021/08/23 1:16,,,
2021/08/23 1:17,,,
2021/08/23 1:18,,,
2021/08/23 1:19,,,
2021/08/23 1:20,,,
2021/08/23 1:21,,,
2021/08/23 1:22,,,
2021/08/23 1:23,,,
2021/08/23 1:24,,,
2021/08/23 1:25,,,
2021/08/23 1:26,,,
2021/08/23 1:27,,,
2021/08/23 1:28,,,
2021/08/23 1:29,,,
2021/08/23 1:30,,,
2021/08/23 1:31,,,
2021/08/23 1:32,,,
2021/08/23 1:33,,,
2021/08/23 1:34,,,
2021/08/23 1:35,,,
2021/08/23 1:36,,,
2021/08/23 1:37,,,
2021/08/23 1:38,,,
2021/08/23 1:39,,,
2021/08/23 1:40,,,
2021/08/23 1:41,,,
2021/08/23 1:42,,,
2021/08/23 1:43,,,
2021/08/23 1:44,,,
2021/08/23 1:45,,,
2021/08/23 1:46,,,
2021/08/23 1:47,,,
2021/08/23 1:48,,,
2021/08/23 1:49,,,
2021/08/23 1:50,,,
2021/08/23 1:51,,,
2021/08/23 1:52,,,
2021/08/23 1:53,,,
2021/08/23 1:54,,,
2021/08/23 1:55,,,
2021/08/23 1:56,,,
2021/08/23 1:57,,,
2021/08/23 1:58,,,
2021/08/23 1:59,,,
2021/08/23 2:00,,,
2021/08/23 2:01,,,
2021/08/23 2:02,,,
2021/08/23 2:03,,,
2021/08/23 2:04,,,
2021/08/23 2:05,,,
2021/08/23 2:06,,,
2021/08/23 2:07,,,
2021/08/23 2:08,,,
2021/08/23 2:09,,,
2021/08/23 2:10,,,
2021/08/23 2:11,,,
2021/08/23 2:12,,,
2021/08/23 2:13,,,
2021/08/23 2:14,,,
2021/08/23 2:15,,,
2021/08/23 2:16,,,
2021/08/23 2:17,,,
2021/08/23 2:18,,,
2021/08/23 2:19,,,
2021/08/23 2:20,,,
2021/08/23 2:21,,,
2021/08/23 2:22,,,
2021/08/23 2:23,,,
2021/08/23 2:24,,,
2021/08/23 2:25,,,
2021/08/23 2:26,,,
2021/08/23 2:27,,,
2021/08/23 2:28,,,
2021/08/23 2:29,,,
2021/08/23 2:30,,,
2021/08/23 2:31,,,
2021/08/23 2:32,,,
2021/08/23 2:33,,,
2021/08/23 2:34,,,
2021/08/23 2:35,,,
2021/08/23 2:36,,,
2021/08/23 2:37,,,
2021/08/23 2:38,,,
2021/08/23 2:39,,,
2021/08/23 2:40,,,
2021/08/23 2:41,,,
2021/08/23 2:42,,,
2021/08/23 2:43,,,
2021/08/23 2:44,,,
2021/08/23 2:45,,,
2021/08/23 2:46,,,
2021/08/23 2:47,,,
2021/08/23 2:48,,,
2021/08/23 2:49,,,
2021/08/23 2:50,,,
2021/08/23 2:51,,,
2021/08/23 2:52,,,
2021/08/23 2:53,,,
2021/08/23 2:54,,,
2021/08/23 2:55,,,
2021/08/23 2:56,,,
2021/08/23 2:57,,,
2021/08/23 2:58,,,
2021/08/23 2:59,,,
2021/08/23 3:00,,,
2021/08/23 3:01,,,
2021/08/23 3:02,,,
2021/08/23 3:03,,,
2021/08/23 3:04,,,
2021/08/23 3:05,,,
2021/08/23 3:06,,,
2021/08/23 3:07,,,
2021/08/23 3:08,,,
2021/08/23 3:09,,,
2021/08/23 3:10,,,
2021/08/23 3:11,,,
2021/08/23 3:12,,,
2021/08/23 3:13,,,
2021/08/23 3:14,,,
2021/08/23 3:15,,,
2021/08/23 3:16,,,
2021/08/23 3:17,,,
2021/08/23 3:18,,,
2021/08/23 3:19,,,
2021/08/23 3:20,,,
2021/08/23 3:21,,,
2021/08/23 3:22,,,
2021/08/23 3:23,,,
2021/08/23 3:24,,,
2021/08/23 3:25,,,
2021/08/23 3:26,,,
2021/08/23 3:27,,,
2021/08/23 3:28,,,
2021/08/23 3:29,,,
2021/08/23 3:30,,,
2021/08/23 3:31,,,
2021/08/23 3:32,,,
2021/08/23 3:33,,,
2021/08/23 3:34,,,
2021/08/23 3:35,,,
2021/08/23 3:36,,,
2021/08/23 3:37,,,
2021/08/23 3:38,,,
2021/08/23 3:39,,,
2021/08/23 3:40,,,
2021/08/23 3:41,,,
2021/08/23 3:42,,,
2021/08/23 3:43,,,
2021/08/23 3:44,,,
2021/08/23 3:45,,,
2021/08/23 3:46,,,
2021/08/23 3:47,,,
2021/08/23 3:48,,,
2021/08/23 3:49,,,
2021/08/23 3:50,,,
2021/08/23 3:51,,,
2021/08/23 3:52,,,
2021/08/23 3:53,,,
2021/08/23 3:54,,,
2021/08/23 3:55,,,
2021/08/23 3:56,,,
2021/08/23 3:57,,,
2021/08/23 3:58,,,
2021/08/23 3:59,,,
2021/08/23 4:00,,,
2021/08/23 4:01,,,
2021/08/23 4:02,,,
2021/08/23 4:03,,,
2021/08/23 4:04,,,
2021/08/23 4:05,,,
2021/08/23 4:06,,,
2021/08/23 4:07,,,
2021/08/23 4:08,,,
2021/08/23 4:09,,,
2021/08/23 4:10,,,
2021/08/23 4:11,,,
2021/08/23 4:12,,,
2021/08/23 4:13,,,
2021/08/23 4:14,,,
2021/08/23 4:15,,,
2021/08/23 4:16,,,
2021/08/23 4:17,,,
2021/08/23 4:18,,,
2021/08/23 4:19,,,
2021/08/23 4:20,,,
2021/08/23 4:21,,,
2021/08/23 4:22,,,
2021/08/23 4:23,,,
2021/08/23 4:24,,,
2021/08/23 4:25,,,
2021/08/23 4:26,,,
2021/08/23 4:27,,,
2021/08/23 4:28,,,
2021/08/23 4:29,,,
2021/08/23 4:30,,,
2021/08/23 4:31,,,
2021/08/23 4:32,,,
2021/08/23 4:33,,,
2021/08/23 4:34,,,
2021/08/23 4:35,,,
2021/08/23 4:36,,,
2021/08/23 4:37,,,
2021/08/23 4:38,,,
2021/08/23 4:39,,,
2021/08/23 4:40,,,
2021/08/23 4:41,,,
2021/08/23 4:42,,,
2021/08/23 4:43,,,
2021/08/23 4:44,,,
2021/08/23 4:45,,,
2021/08/23 4:46,,,
2021/08/23 4:47,,,
2021/08/23 4:48,,,
2021/08/23 4:49,,,
2021/08/23 4:50,,,
2021/08/23 4:51,,,
2021/08/23 4:52,,,
2021/08/23 4:53,,,
2021/08/23 4:54,,,
2021/08/23 4:55,,,
2021/08/23 4:56,,,
2021/08/23 4:57,,,
2021/08/23 4:58,,,
2021/08/23 4:59,,,
2021/08/23 5:00,,,
2021/08/23 5:01,,,
2021/08/23 5:02,,,
2021/08/23 5:03,,,
2021/08/23 5:04,,,
2021/08/23 5:05,,,
2021/08/23 5:06,,,
2021/08/23 5:07,,,
2021/08/23 5:08,,,
2021/08/23 5:09,,,
2021/08/23 5:10,,,
2021/08/23 5:11,,,
2021/08/23 5:12,,,
2021/08/23 5:13,,,
2021/08/23 5:14,,,
2021/08/23 5:15,,,
2021/08/23 5:16,,,
2021/08/23 5:17,,,
2021/08/23 5:18,,,
2021/08/23 5:19,,,
2021/08/23 5:20,,,
2021/08/23 5:21,,,
2021/08/23 5:22,,,
2021/08/23 5:23,,,
2021/08/23 5:24,,,
2021/08/23 5:25,,,
2021/08/23 5:26,,,
2021/08/23 5:27,,,
2021/08/23 5:28,,,
2021/08/23 5:29,,,
2021/08/23 5:30,,,
2021/08/23 5:31,,,
2021/08/23 5:32,,,
2021/08/23 5:33,,,
2021/08/23 5:34,,,
2021/08/23 5:35,,,
2021/08/23 5:36,,,
2021/08/23 5:37,,,
2021/08/23 5:38,,,
2021/08/23 5:39,,,
2021/08/23 5:40,,,
2021/08/23 5:41,,,
2021/08/23 5:42,,,
2021/08/23 5:43,,,
2021/08/23 5:44,,,
2021/08/23 5:45,,,
2021/08/23 5:46,,,
2021/08/23 5:47,,,
2021/08/23 5:48,,,
2021/08/23 5:49,,,
2021/08/23 5:50,,,
2021/08/23 5:51,,,
2021/08/23 5:52,,,
2021/08/23 5:53,,,
2021/08/23 5:54,,,
2021/08/23 5:55,,,
2021/08/23 5:56,,,
2021/08/23 5:57,,,
2021/08/23 5:58,,,
2021/08/23 5:59,,,
2021/08/23 6:00,,,
2021/08/23 6:01,,,
2021/08/23 6:02,,,
2021/08/23 6:03,,,
2021/08/23 6:04,,,
2021/08/23 6:05,,,
2021/08/23 6:06,,,
2021/08/23 6:07,,,
2021/08/23 6:08,,,
2021/08/23 6:09,,,
2021/08/23 6:10,,,
2021/08/23 6:11,,,
2021/08/23 6:12,,,
2021/08/23 6:13,,,
2021/08/23 6:14,,,
2021/08/23 6:15,,,
2021/08/23 6:16,,,
2021/08/23 6:17,,,
2021/08/23 6:18,,,
2021/08/23 6:19,,,
2021/08/23 6:20,,,
2021/08/23 6:21,,,
2021/08/23 6:22,,,
2021/08/23 6:23,,,
2021/08/23 6:24,,,
2021/08/23 6:25,,,
2021/08/23 6:26,,,
2021/08/23 6:27,,,
2021/08/23 6:28,,,
2021/08/23 6:29,,,
2021/08/23 6:30,,,
2021/08/23 6:31,,,
2021/08/23 6:32,,,
2021/08/23 6:33,,,
2021/08/23 6:34,,,
2021/08/23 6:35,,,
2021/08/23 6:36,,,
2021/08/23 6:37,,,
2021/08/23 6:38,,,
2021/08/23 6:39,,,
2021/08/23 6:40,,,
2021/08/23 6:41,,,
2021/08/23 6:42,,,
2021/08/23 6:43,,,
2021/08/23 6:44,,,
2021/08/23 6:45,,,
2021/08/23 6:46,,,
2021/08/23 6:47,,,
2021/08/23 6:48,,,
2021/08/23 6:49,,,
2021/08/23 6:50,,,
2021/08/23 6:51,,,
2021/08/23 6:52,,,
2021/08/23 6:53,,,
2021/08/23 6:54,,,
2021/08/23 6:55,,,
2021/08/23 6:56,,,
2021/08/23 6:57,,,
2021/08/23 6:58,,,
2021/08/23 6:59,,,
2021/08/23 7:00,,,
2021/08/23 7:01,,,
2021/08/23 7:02,,,
2021/08/23 7:03,,,
2021/08/23 7:04,,,
2021/08/23 7:05,,,
2021/08/23 7:06,,,
2021/08/23 7:07,,,
2021/08/23 7:08,,,
2021/08/23 7:09,,,
2021/08/23 7:10,,,
2021/08/23 7:11,,,
2021/08/23 7:12,,,
2021/08/23 7:13,,,
2021/08/23 7:14,,,
2021/08/23 7:15,,,
2021/08/23 7:16,,,
2021/08/23 7:17,,,
2021/08/23 7:18,,,
2021/08/23 7:19,,,
2021/08/23 7:20,,,
2021/08/23 7:21,,,
2021/08/23 7:22,,,
2021/08/23 7:23,,,
2021/08/23 7:24,,,
2021/08/23 7:25,,,
2021/08/23 7:26,,,
2021/08/23 7:27,,,
2021/08/23 7:28,,,
2021/08/23 7:29,,,
2021/08/23 7:30,,,
2021/08/23 7:31,,,
2021/08/23 7:32,,,
2021/08/23 7:33,,,
2021/08/23 7:34,,,
2021/08/23 7:35,,,
2021/08/23 7:36,,,
2021/08/23 7:37,,,
2021/08/23 7:38,,,
2021/08/23 7:39,,,
2021/08/23 7:40,,,
2021/08/23 7:41,,,
2021/08/23 7:42,,,
2021/08/23 7:43,,,
2021/08/23 7:44,,,
2021/08/23 7:45,,,
2021/08/23 7:46,,,
2021/08/23 7:47,,,
2021/08/23 7:48,,,
2021/08/23 7:49,,,
2021/08/23 7:50,,,
2021/08/23 7:51,,,
2021/08/23 7:52,,,
2021/08/23 7:53,,,
2021/08/23 7:54,,,
2021/08/23 7:55,,,
2021/08/23 7:56,,,
2021/08/23 7:57,,,
2021/08/23 7:58,,,
2021/08/23 7:59,,,
2021/08/23 8:00,,,
2021/08/23 8:01,,,
2021/08/23 8:02,,,
2021/08/23 8:03,,,
2021/08/23 8:04,,,
2021/08/23 8:05,,,
2021/08/23 8:06,,,
2021/08/23 8:07,,,
2021/08/23 8:08,,,
2021/08/23 8:09,,,
2021/08/23 8:10,,,
2021/08/23 8:11,,,
2021/08/23 8:12,,,
2021/08/23 8:13,,,
2021/08/23 8:14,,,
2021/08/23 8:15,,,
2021/08/23 8:16,,,
2021/08/23 8:17,,,
2021/08/23 8:18,,,
2021/08/23 8:19,,,
2021/08/23 8:20,,,
2021/08/23 8:21,,,
2021/08/23 8:22,,,
2021/08/23 8:23,,,
2021/08/23 8:24,,,
2021/08/23 8:25,,,
2021/08/23 8:26,,,
2021/08/23 8:27,,,
2021/08/23 8:28,,,
2021/08/23 8:29,,,
2021/08/23 8:30,,,
2021/08/23 8:31,,,
2021/08/23 8:32,,,
2021/08/23 8:33,,,
2021/08/23 8:34,,,
2021/08/23 8:35,,,
2021/08/23 8:36,,,
2021/08/23 8:37,,,
2021/08/23 8:38,,,
2021/08/23 8:39,,,
2021/08/23 8:40,,,
2021/08/23 8:41,,,
2021/08/23 8:42,,,
2021/08/23 8:43,,,
2021/08/23 8:44,,,
2021/08/23 8:45,,,
2021/08/23 8:46,,,
2021/08/23 8:47,,,
2021/08/23 8:48,,,
2021/08/23 8:49,,,
2021/08/23 8:50,,,
2021/08/23 8:51,,,
2021/08/23 8:52,,,
2021/08/23 8:53,,,
2021/08/23 8:54,,,
2021/08/23 8:55,,,
2021/08/23 8:56,,,
2021/08/23 8:57,,,
2021/08/23 8:58,,,
2021/08/23 8:59,,,
2021/08/23 9:00,,,
2021/08/23 9:01,,,
2021/08/23 9:02,,,
2021/08/23 9:03,,,
2021/08/23 9:04,,,
2021/08/23 9:05,,,
2021/08/23 9:06,,,
2021/08/23 9:07,,,
2021/08/23 9:08,,,
2021/08/23 9:09,,,
2021/08/23 9:10,,,
2021/08/23 9:11,,,
2021/08/23 9:12,,,
2021/08/23 9:13,,,
2021/08/23 9:14,,,
2021/08/23 9:15,,,
2021/08/23 9:16,,,
2021/08/23 9:17,,,
2021/08/23 9:18,,,
2021/08/23 9:19,,,
2021/08/23 9:20,,,
2021/08/23 9:21,,,
2021/08/23 9:22,,,
2021/08/23 9:23,,,
2021/08/23 9:24,,,
2021/08/23 9:25,,,
2021/08/23 9:26,,,
2021/08/23 9:27,,,
2021/08/23 9:28,,,
2021/08/23 9:29,,,
2021/08/23 9:30,,,
2021/08/23 9:31,,,
2021/08/23 9:32,,,
2021/08/23 9:33,,,
2021/08/23 9:34,,,
2021/08/23 9:35,,,
2021/08/23 9:36,,,
2021/08/23 9:37,,,
2021/08/23 9:38,,,
2021/08/23 9:39,,,
2021/08/23 9:40,,,
2021/08/23 9:41,,,
2021/08/23 9:42,,,
2021/08/23 9:43,,,
2021/08/23 9:44,,,
2021/08/23 9:45,,,
2021/08/23 9:46,,,
2021/08/23 9:47,,,
2021/08/23 9:48,,,
2021/08/23 9:49,,,
2021/08/23 9:50,,,
2021/08/23 9:51,,,
2021/08/23 9:52,,,
2021/08/23 9:53,,,
2021/08/23 9:54,,,
2021/08/23 9:55,,,
2021/08/23 9:56,,,
2021/08/23 9:57,,,
2021/08/23 9:58,,,
2021/08/23 9:59,,,
2021/08/23 10:00,,,
2021/08/23 10:01,,,
2021/08/23 10:02,,,
2021/08/23 10:03,,,
2021/08/23 10:04,,,
2021/08/23 10:05,,,
2021/08/23 10:06,,,
2021/08/23 10:07,,,
2021/08/23 10:08,,,
2021/08/23 10:09,,,
2021/08/23 10:10,,,
2021/08/23 10:11,,,
2021/08/23 10:12,,,
2021/08/23 10:13,,,
2021/08/23 10:14,,,
2021/08/23 10:15,,,
2021/08/23 10:16,,,
2021/08/23 10:17,,,
2021/08/23 10:18,,,
2021/08/23 10:19,,,
2021/08/23 10:20,,,
2021/08/23 10:21,,,
2021/08/23 10:22,,,
2021/08/23 10:23,,,
2021/08/23 10:24,,,
2021/08/23 10:25,,,
2021/08/23 10:26,,,
2021/08/23 10:27,,,
2021/08/23 10:28,,,
2021/08/23 10:29,,,
2021/08/23 10:30,,,
2021/08/23 10:31,,,
2021/08/23 10:32,,,
2021/08/23 10:33,,,
2021/08/23 10:34,,,
2021/08/23 10:35,,,
2021/08/23 10:36,,,
2021/08/23 10:37,,,
2021/08/23 10:38,,,
2021/08/23 10:39,,,
2021/08/23 10:40,,,
2021/08/23 10:41,,,
2021/08/23 10:42,,,
2021/08/23 10:43,,,
2021/08/23 10:44,,,
2021/08/23 10:45,,,
2021/08/23 10:46,,,
2021/08/23 10:47,,,
2021/08/23 10:48,,,
2021/08/23 10:49,,,
2021/08/23 10:50,,,
2021/08/23 10:51,,,
2021/08/23 10:52,,,
2021/08/23 10:53,,,
2021/08/23 10:54,,,
2021/08/23 10:55,,,
2021/08/23 10:56,,,
2021/08/23 10:57,,,
2021/08/23 10:58,,,
2021/08/23 10:59,,,
2021/08/23 11:00,,,
2021/08/23 11:01,,,
2021/08/23 11:02,,,
2021/08/23 11:03,,,
2021/08/23 11:04,,,
2021/08/23 11:05,,,
2021/08/23 11:06,,,
2021/08/23 11:07,,,
2021/08/23 11:08,,,
2021/08/23 11:09,,,
2021/08/23 11:10,,,
2021/08/23 11:11,,,
2021/08/23 11:12,,,
2021/08/23 11:13,,,
2021/08/23 11:14,,,
2021/08/23 11:15,,,
2021/08/23 11:16,,,
2021/08/23 11:17,,,
2021/08/23 11:18,,,
2021/08/23 11:19,,,
2021/08/23 11:20,,,
2021/08/23 11:21,,,
2021/08/23 11:22,,,
2021/08/23 11:23,,,
2021/08/23 11:24,,,
2021/08/23 11:25,,,
2021/08/23 11:26,,,
2021/08/23 11:27,,,
2021/08/23 11:28,,,
2021/08/23 11:29,,,
2021/08/23 11:30,,,
2021/08/23 11:31,,,
2021/08/23 11:32,,,
2021/08/23 11:33,,,
2021/08/23 11:34,,,
2021/08/23 11:35,,,
2021/08/23 11:36,,,
2021/08/23 11:37,,,
2021/08/23 11:38,,,
2021/08/23 11:39,,,
2021/08/23 11:40,,,
2021/08/23 11:41,,,
2021/08/23 11:42,,,
2021/08/23 11:43,,,
2021/08/23 11:44,,,
2021/08/23 11:45,,,
2021/08/23 11:46,,,
2021/08/23 11:47,,,
2021/08/23 11:48,,,
2021/08/23 11:49,,,
2021/08/23 11:50,,,
2021/08/23 11:51,,,
2021/08/23 11:52,,,
2021/08/23 11:53,,,
2021/08/23 11:54,,,
2021/08/23 11:55,,,
2021/08/23 11:56,,,
2021/08/23 11:57,,,
2021/08/23 11:58,,,
2021/08/23 11:59,,,
2021/08/23 12:00,,,
2021/08/23 12:01,,,
2021/08/23 12:02,,,
2021/08/23 12:03,,,
2021/08/23 12:04,,,
2021/08/23 12:05,,,
2021/08/23 12:06,,,
2021/08/23 12:07,,,
2021/08/23 12:08,,,
2021/08/23 12:09,,,
2021/08/23 12:10,,,
2021/08/23 12:11,,,
2021/08/23 12:12,,,
2021/08/23 12:13,,,
2021/08/23 12:14,,,
2021/08/23 12:15,,,
2021/08/23 12:16,,,
2021/08/23 12:17,,,
2021/08/23 12:18,,,
2021/08/23 12:19,,,
2021/08/23 12:20,,,
2021/08/23 12:21,,,
2021/08/23 12:22,,,
2021/08/23 12:23,,,
2021/08/23 12:24,,,
2021/08/23 12:25,,,
2021/08/23 12:26,,,
2021/08/23 12:27,,,
2021/08/23 12:28,,,
2021/08/23 12:29,,,
2021/08/23 12:30,,,
2021/08/23 12:31,,,
2021/08/23 12:32,,,
2021/08/23 12:33,,,
2021/08/23 12:34,,,
2021/08/23 12:35,,,
2021/08/23 12:36,,,
2021/08/23 12:37,,,
2021/08/23 12:38,,,
2021/08/23 12:39,,,
2021/08/23 12:40,,,
2021/08/23 12:41,,,
2021/08/23 12:42,,,
2021/08/23 12:43,,,
2021/08/23 12:44,,,
2021/08/23 12:45,,,
2021/08/23 12:46,,,
2021/08/23 12:47,,,
2021/08/23 12:48,,,
2021/08/23 12:49,,,
2021/08/23 12:50,,,
2021/08/23 12:51,,,
2021/08/23 12:52,,,
2021/08/23 12:53,,,
2021/08/23 12:54,,,
2021/08/23 12:55,,,
2021/08/23 12:56,,,
2021/08/23 12:57,,,
2021/08/23 12:58,,,
2021/08/23 12:59,,,
2021/08/23 13:00,,,
2021/08/23 13:01,,,
2021/08/23 13:02,,,
2021/08/23 13:03,,,
2021/08/23 13:04,,,
2021/08/23 13:05,,,
2021/08/23 13:06,,,
2021/08/23 13:07,,,
2021/08/23 13:08,,,
2021/08/23 13:09,,,
2021/08/23 13:10,,,
2021/08/23 13:11,,,
2021/08/23 13:12,,,
2021/08/23 13:13,,,
2021/08/23 13:14,,,
2021/08/23 13:15,,,
2021/08/23 13:16,,,
2021/08/23 13:17,,,
2021/08/23 13:18,,,
2021/08/23 13:19,,,
2021/08/23 13:20,,,
2021/08/23 13:21,,,
2021/08/23 13:22,,,
2021/08/23 13:23,,,
2021/08/23 13:24,,,
2021/08/23 13:25,,,
2021/08/23 13:26,,,
2021/08/23 13:27,,,
2021/08/23 13:28,,,
2021/08/23 13:29,,,
2021/08/23 13:30,,,
2021/08/23 13:31,,,
2021/08/23 13:32,,,
2021/08/23 13:33,,,
2021/08/23 13:34,,,
2021/08/23 13:35,,,
2021/08/23 13:36,,,
2021/08/23 13:37,,,
2021/08/23 13:38,,,
2021/08/23 13:39,,,
2021/08/23 13:40,,,
2021/08/23 13:41,,,
2021/08/23 13:42,,,
2021/08/23 13:43,,,
2021/08/23 13:44,,,
2021/08/23 13:45,,,
2021/08/23 13:46,,,
2021/08/23 13:47,,,
2021/08/23 13:48,,,
2021/08/23 13:49,,,
2021/08/23 13:50,,,
2021/08/23 13:51,,,
2021/08/23 13:52,,,
2021/08/23 13:53,,,
2021/08/23 13:54,,,
2021/08/23 13:55,,,
2021/08/23 13:56,,,
2021/08/23 13:57,,,
2021/08/23 13:58,,,
2021/08/23 13:59,,,
2021/08/23 14:00,,,
2021/08/23 14:01,,,
2021/08/23 14:02,,,
2021/08/23 14:03,,,
2021/08/23 14:04,,,
2021/08/23 14:05,,,
2021/08/23 14:06,,,
2021/08/23 14:07,,,
2021/08/23 14:08,,,
2021/08/23 14:09,,,
2021/08/23 14:10,,,
2021/08/23 14:11,,,
2021/08/23 14:12,,,
2021/08/23 14:13,,,
2021/08/23 14:14,,,
2021/08/23 14:15,,,
2021/08/23 14:16,,,
2021/08/23 14:17,,,
2021/08/23 14:18,,,
2021/08/23 14:19,,,
2021/08/23 14:20,,,
2021/08/23 14:21,,,
2021/08/23 14:22,,,
2021/08/23 14:23,,,
2021/08/23 14:24,,,
2021/08/23 14:25,,,
2021/08/23 14:26,,,
2021/08/23 14:27,,,
2021/08/23 14:28,,,
2021/08/23 14:29,,,
2021/08/23 14:30,,,
2021/08/23 14:31,,,
2021/08/23 14:32,,,
2021/08/23 14:33,,,
2021/08/23 14:34,,,
2021/08/23 14:35,,,
2021/08/23 14:36,,,
2021/08/23 14:37,,,
2021/08/23 14:38,,,
2021/08/23 14:39,,,
2021/08/23 14:40,,,
2021/08/23 14:41,,,
2021/08/23 14:42,,,
2021/08/23 14:43,,,
2021/08/23 14:44,,,
2021/08/23 14:45,,,
2021/08/23 14:46,,,
2021/08/23 14:47,,,
2021/08/23 14:48,,,
2021/08/23 14:49,,,
2021/08/23 14:50,,,
2021/08/23 14:51,,,
2021/08/23 14:52,,,
2021/08/23 14:53,,,
2021/08/23 14:54,,,
2021/08/23 14:55,,,
2021/08/23 14:56,,,
2021/08/23 14:57,,,
2021/08/23 14:58,,,
2021/08/23 14:59,,,
2021/08/23 15:00,,,
2021/08/23 15:01,,,
2021/08/23 15:02,,,
2021/08/23 15:03,,,
2021/08/23 15:04,,,
2021/08/23 15:05,,,
2021/08/23 15:06,,,
2021/08/23 15:07,,,
2021/08/23 15:08,,,
2021/08/23 15:09,,,
2021/08/23 15:10,,,
2021/08/23 15:11,,,
2021/08/23 15:12,,,
2021/08/23 15:13,,,
2021/08/23 15:14,,,
2021/08/23 15:15,,,
2021/08/23 15:16,,,
2021/08/23 15:17,,,
2021/08/23 15:18,,,
2021/08/23 15:19,,,
2021/08/23 15:20,,,
2021/08/23 15:21,,,
2021/08/23 15:22,,,
2021/08/23 15:23,,,
2021/08/23 15:24,,,
2021/08/23 15:25,,,
2021/08/23 15:26,,,
2021/08/23 15:27,,,
2021/08/23 15:28,,,
2021/08/23 15:29,,,
2021/08/23 15:30,,,
2021/08/23 15:31,,,
2021/08/23 15:32,,,
2021/08/23 15:33,,,
2021/08/23 15:34,,,
2021/08/23 15:35,,,
2021/08/23 15:36,,,
2021/08/23 15:37,,,
2021/08/23 15:38,,,
2021/08/23 15:39,,,
2021/08/23 15:40,,,
2021/08/23 15:41,,,
2021/08/23 15:42,,,
2021/08/23 15:43,,,
2021/08/23 15:44,,,
2021/08/23 15:45,,,
2021/08/23 15:46,,,
2021/08/23 15:47,,,
2021/08/23 15:48,,,
2021/08/23 15:49,,,
2021/08/23 15:50,,,
2021/08/23 15:51,,,
2021/08/23 15:52,,,
2021/08/23 15:53,,,
2021/08/23 15:54,,,
2021/08/23 15:55,,,
2021/08/23 15:56,,,
2021/08/23 15:57,,,
2021/08/23 15:58,,,
2021/08/23 15:59,,,
2021/08/23 16:00,,,
2021/08/23 16:01,,,
2021/08/23 16:02,,,
2021/08/23 16:03,,,
2021/08/23 16:04,,,
2021/08/23 16:05,,,
2021/08/23 16:06,,,
2021/08/23 16:07,,,
2021/08/23 16:08,,,
2021/08/23 16:09,,,
2021/08/23 16:10,,,
2021/08/23 16:11,,,
2021/08/23 16:12,,,
2021/08/23 16:13,,,
2021/08/23 16:14,,,
2021/08/23 16:15,,,
2021/08/23 16:16,,,
2021/08/23 16:17,,,
2021/08/23 16:18,,,
2021/08/23 16:19,,,
2021/08/23 16:20,,,
2021/08/23 16:21,,,
2021/08/23 16:22,,,
2021/08/23 16:23,,,
2021/08/23 16:24,,,
2021/08/23 16:25,,,
2021/08/23 16:26,,,
2021/08/23 16:27,,,
2021/08/23 16:28,,,
2021/08/23 16:29,,,
2021/08/23 16:30,,,
2021/08/23 16:31,,,
2021/08/23 16:32,,,
2021/08/23 16:33,,,
2021/08/23 16:34,,,
2021/08/23 16:35,,,
2021/08/23 16:36,,,
2021/08/23 16:37,,,
2021/08/23 16:38,,,
2021/08/23 16:39,,,
2021/08/23 16:40,,,
2021/08/23 16:41,,,
2021/08/23 16:42,,,
2021/08/23 16:43,,,
2021/08/23 16:44,,,
2021/08/23 16:45,,,
2021/08/23 16:46,,,
2021/08/23 16:47,,,
2021/08/23 16:48,,,
2021/08/23 16:49,,,
2021/08/23 16:50,,,
2021/08/23 16:51,,,
2021/08/23 16:52,,,
2021/08/23 16:53,,,
2021/08/23 16:54,,,
2021/08/23 16:55,,,
2021/08/23 16:56,,,
2021/08/23 16:57,,,
2021/08/23 16:58,,,
2021/08/23 16:59,,,
2021/08/23 17:00,,,
2021/08/23 17:01,,,
2021/08/23 17:02,,,
2021/08/23 17:03,,,
2021/08/23 17:04,,,
2021/08/23 17:05,,,
2021/08/23 17:06,,,
2021/08/23 17:07,,,
2021/08/23 17:08,,,
2021/08/23 17:09,,,
2021/08/23 17:10,,,
2021/08/23 17:11,,,
2021/08/23 17:12,,,
2021/08/23 17:13,,,
2021/08/23 17:14,,,
2021/08/23 17:15,,,
2021/08/23 17:16,,,
2021/08/23 17:17,,,
2021/08/23 17:18,,,
2021/08/23 17:19,,,
2021/08/23 17:20,,,
2021/08/23 17:21,,,
2021/08/23 17:22,,,
2021/08/23 17:23,,,
2021/08/23 17:24,,,
2021/08/23 17:25,,,
2021/08/23 17:26,,,
2021/08/23 17:27,,,
2021/08/23 17:28,,,
2021/08/23 17:29,,,
2021/08/23 17:30,,,
2021/08/23 17:31,,,
2021/08/23 17:32,,,
2021/08/23 17:33,,,
2021/08/23 17:34,,,
2021/08/23 17:35,,,
2021/08/23 17:36,,,
2021/08/23 17:37,,,
2021/08/23 17:38,,,
2021/08/23 17:39,,,
2021/08/23 17:40,,,
2021/08/23 17:41,,,
2021/08/23 17:42,,,
2021/08/23 17:43,,,
2021/08/23 17:44,,,
2021/08/23 17:45,,,
2021/08/23 17:46,,,
2021/08/23 17:47,,,
2021/08/23 17:48,,,
2021/08/23 17:49,,,
2021/08/23 17:50,,,
2021/08/23 17:51,,,
2021/08/23 17:52,,,
2021/08/23 17:53,,,
2021/08/23 17:54,,,
2021/08/23 17:55,,,
2021/08/23 17:56,,,
2021/08/23 17:57,,,
2021/08/23 17:58,,,
2021/08/23 17:59,,,
2021/08/23 18:00,,,
2021/08/23 18:01,,,
2021/08/23 18:02,,,
2021/08/23 18:03,,,
2021/08/23 18:04,,,
2021/08/23 18:05,,,
2021/08/23 18:06,,,
2021/08/23 18:07,,,
2021/08/23 18:08,,,
2021/08/23 18:09,,,
2021/08/23 18:10,,,
2021/08/23 18:11,,,
2021/08/23 18:12,,,
2021/08/23 18:13,,,
2021/08/23 18:14,,,
2021/08/23 18:15,,,
2021/08/23 18:16,,,
2021/08/23 18:17,,,
2021/08/23 18:18,,,
2021/08/23 18:19,,,
2021/08/23 18:20,,,
2021/08/23 18:21,,,
2021/08/23 18:22,,,
2021/08/23 18:23,,,
2021/08/23 18:24,,,
2021/08/23 18:25,,,
2021/08/23 18:26,,,
2021/08/23 18:27,,,
2021/08/23 18:28,,,
2021/08/23 18:29,,,
2021/08/23 18:30,,,
2021/08/23 18:31,,,
2021/08/23 18:32,,,
2021/08/23 18:33,,,
2021/08/23 18:34,,,
2021/08/23 18:35,,,
2021/08/23 18:36,,,
2021/08/23 18:37,,,
2021/08/23 18:38,,,
2021/08/23 18:39,,,
2021/08/23 18:40,,,
2021/08/23 18:41,,,
2021/08/23 18:42,,,
2021/08/23 18:43,,,
2021/08/23 18:44,,,
2021/08/23 18:45,,,
2021/08/23 18:46,,,
2021/08/23 18:47,,,
2021/08/23 18:48,,,
2021/08/23 18:49,,,
2021/08/23 18:50,,,
2021/08/23 18:51,,,
2021/08/23 18:52,,,
2021/08/23 18:53,,,
2021/08/23 18:54,,,
2021/08/23 18:55,,,
2021/08/23 18:56,,,
2021/08/23 18:57,,,
2021/08/23 18:58,,,
2021/08/23 18:59,,,
2021/08/23 19:00,,,
2021/08/23 19:01,,,
2021/08/23 19:02,,,
2021/08/23 19:03,,,
2021/08/23 19:04,,,
2021/08/23 19:05,,,
2021/08/23 19:06,,,
2021/08/23 19:07,,,
2021/08/23 19:08,,,
2021/08/23 19:09,,,
2021/08/23 19:10,,,
2021/08/23 19:11,,,
2021/08/23 19:12,,,
2021/08/23 19:13,,,
2021/08/23 19:14,,,
2021/08/23 19:15,,,
2021/08/23 19:16,,,
2021/08/23 19:17,,,
2021/08/23 19:18,,,
2021/08/23 19:19,,,
2021/08/23 19:20,,,
2021/08/23 19:21,,,
2021/08/23 19:22,,,
2021/08/23 19:23,,,
2021/08/23 19:24,,,
2021/08/23 19:25,,,
2021/08/23 19:26,,,
2021/08/23 19:27,,,
2021/08/23 19:28,,,
2021/08/23 19:29,,,
2021/08/23 19:30,,,
2021/08/23 19:31,,,
2021/08/23 19:32,,,
2021/08/23 19:33,,,
2021/08/23 19:34,,,
2021/08/23 19:35,,,
2021/08/23 19:36,,,
2021/08/23 19:37,,,
2021/08/23 19:38,,,
2021/08/23 19:39,,,
2021/08/23 19:40,,,
2021/08/23 19:41,,,
2021/08/23 19:42,,,
2021/08/23 19:43,,,
2021/08/23 19:44,,,
2021/08/23 19:45,,,
2021/08/23 19:46,,,
2021/08/23 19:47,,,
2021/08/23 19:48,,,
2021/08/23 19:49,,,
2021/08/23 19:50,,,
2021/08/23 19:51,,,
2021/08/23 19:52,,,
2021/08/23 19:53,,,
2021/08/23 19:54,,,
2021/08/23 19:55,,,
2021/08/23 19:56,,,
2021/08/23 19:57,,,
2021/08/23 19:58,,,
2021/08/23 19:59,,,
2021/08/23 20:00,,,
2021/08/23 20:01,,,
2021/08/23 20:02,,,
2021/08/23 20:03,,,
2021/08/23 20:04,,,
2021/08/23 20:05,,,
2021/08/23 20:06,,,
2021/08/23 20:07,,,
2021/08/23 20:08,,,
2021/08/23 20:09,,,
2021/08/23 20:10,,,
2021/08/23 20:11,,,
2021/08/23 20:12,,,
2021/08/23 20:13,,,
2021/08/23 20:14,,,
2021/08/23 20:15,,,
2021/08/23 20:16,,,
2021/08/23 20:17,,,
2021/08/23 20:18,,,
2021/08/23 20:19,,,
2021/08/23 20:20,,,
2021/08/23 20:21,,,
2021/08/23 20:22,,,
2021/08/23 20:23,,,
2021/08/23 20:24,,,
2021/08/23 20:25,,,
2021/08/23 20:26,,,
2021/08/23 20:27,,,
2021/08/23 20:28,,,
2021/08/23 20:29,,,
2021/08/23 20:30,,,
2021/08/23 20:31,,,
2021/08/23 20:32,,,
2021/08/23 20:33,,,
2021/08/23 20:34,,,
2021/08/23 20:35,,,
2021/08/23 20:36,,,
2021/08/23 20:37,,,
2021/08/23 20:38,,,
2021/08/23 20:39,,,
2021/08/23 20:40,,,
2021/08/23 20:41,,,
2021/08/23 20:42,,,
2021/08/23 20:43,,,
2021/08/23 20:44,,,
2021/08/23 20:45,,,
2021/08/23 20:46,,,
2021/08/23 20:47,,,
2021/08/23 20:48,,,
2021/08/23 20:49,,,
2021/08/23 20:50,,,
2021/08/23 20:51,,,
2021/08/23 20:52,,,
2021/08/23 20:53,,,
2021/08/23 20:54,,,
2021/08/23 20:55,,,
2021/08/23 20:56,,,
2021/08/23 20:57,,,
2021/08/23 20:58,,,
2021/08/23 20:59,,,
2021/08/23 21:00,,,
2021/08/23 21:01,,,
2021/08/23 21:02,,,
2021/08/23 21:03,,,
2021/08/23 21:04,,,
2021/08/23 21:05,,,
2021/08/23 21:06,,,
2021/08/23 21:07,,,
2021/08/23 21:08,,,
2021/08/23 21:09,,,
2021/08/23 21:10,,,
2021/08/23 21:11,,,
2021/08/23 21:12,,,
2021/08/23 21:13,,,
2021/08/23 21:14,,,
2021/08/23 21:15,,,
2021/08/23 21:16,,,
2021/08/23 21:17,,,
2021/08/23 21:18,,,
2021/08/23 21:19,,,
2021/08/23 21:20,,,
2021/08/23 21:21,,,
2021/08/23 21:22,,,
2021/08/23 21:23,,,
2021/08/23 21:24,,,
2021/08/23 21:25,,,
2021/08/23 21:26,,,
2021/08/23 21:27,,,
2021/08/23 21:28,,,
2021/08/23 21:29,,,
2021/08/23 21:30,,,
2021/08/23 21:31,,,
2021/08/23 21:32,,,
2021/08/23 21:33,,,
2021/08/23 21:34,,,
2021/08/23 21:35,,,
2021/08/23 21:36,,,
2021/08/23 21:37,,,
2021/08/23 21:38,,,
2021/08/23 21:39,,,
2021/08/23 21:40,,,
2021/08/23 21:41,,,
2021/08/23 21:42,,,
2021/08/23 21:43,,,
2021/08/23 21:44,,,
2021/08/23 21:45,,,
2021/08/23 21:46,,,
2021/08/23 21:47,,,
2021/08/23 21:48,,,
2021/08/23 21:49,,,
2021/08/23 21:50,,,
2021/08/23 21:51,,,
2021/08/23 21:52,,,
2021/08/23 21:53,,,
2021/08/23 21:54,,,
2021/08/23 21:55,,,
2021/08/23 21:56,,,
2021/08/23 21:57,,,
2021/08/23 21:58,,,
2021/08/23 21:59,,,
2021/08/23 22:00,,,
2021/08/23 22:01,,,
2021/08/23 22:02,,,
2021/08/23 22:03,,,
2021/08/23 22:04,,,
2021/08/23 22:05,,,
2021/08/23 22:06,,,
2021/08/23 22:07,,,
2021/08/23 22:08,,,
2021/08/23 22:09,,,
2021/08/23 22:10,,,
2021/08/23 22:11,,,
2021/08/23 22:12,,,
2021/08/23 22:13,,,
2021/08/23 22:14,,,
2021/08/23 22:15,,,
2021/08/23 22:16,,,
2021/08/23 22:17,,,
2021/08/23 22:18,,,
2021/08/23 22:19,,,
2021/08/23 22:20,,,
2021/08/23 22:21,,,
2021/08/23 22:22,,,
2021/08/23 22:23,,,
2021/08/23 22:24,,,
2021/08/23 22:25,,,
2021/08/23 22:26,,,
2021/08/23 22:27,,,
2021/08/23 22:28,,,
2021/08/23 22:29,,,
2021/08/23 22:30,,,
2021/08/23 22:31,,,
2021/08/23 22:32,,,
2021/08/23 22:33,,,
2021/08/23 22:34,,,
2021/08/23 22:35,,,
2021/08/23 22:36,,,
2021/08/23 22:37,,,
2021/08/23 22:38,,,
2021/08/23 22:39,,,
2021/08/23 22:40,,,
2021/08/23 22:41,,,
2021/08/23 22:42,,,
2021/08/23 22:43,,,
2021/08/23 22:44,,,
2021/08/23 22:45,,,
2021/08/23 22:46,,,
2021/08/23 22:47,,,
2021/08/23 22:48,,,
2021/08/23 22:49,,,
2021/08/23 22:50,,,
2021/08/23 22:51,,,
2021/08/23 22:52,,,
2021/08/23 22:53,,,
2021/08/23 22:54,,,
2021/08/23 22:55,,,
2021/08/23 22:56,,,
2021/08/23 22:57,,,
2021/08/23 22:58,,,
2021/08/23 22:59,,,
2021/08/23 23:00,,,
2021/08/23 23:01,,,
2021/08/23 23:02,,,
2021/08/23 23:03,,,
2021/08/23 23:04,,,
2021/08/23 23:05,,,
2021/08/23 23:06,,,
2021/08/23 23:07,,,
2021/08/23 23:08,,,
2021/08/23 23:09,,,
2021/08/23 23:10,,,
2021/08/23 23:11,,,
2021/08/23 23:12,,,
2021/08/23 23:13,,,
2021/08/23 23:14,,,
2021/08/23 23:15,,,
2021/08/23 23:16,,,
2021/08/23 23:17,,,
2021/08/23 23:18,,,
2021/08/23 23:19,,,
2021/08/23 23:20,,,
2021/08/23 23:21,,,
2021/08/23 23:22,,,
2021/08/23 23:23,,,
2021/08/23 23:24,,,
2021/08/23 23:25,,,
2021/08/23 23:26,,,
2021/08/23 23:27,,,
2021/08/23 23:28,,,
2021/08/23 23:29,,,
2021/08/23 23:30,,,
2021/08/23 23:31,,,
2021/08/23 23:32,,,
2021/08/23 23:33,,,
2021/08/23 23:34,,,
2021/08/23 23:35,,,
2021/08/23 23:36,,,
2021/08/23 23:37,,,
2021/08/23 23:38,,,
2021/08/23 23:39,,,
2021/08/23 23:40,,,
2021/08/23 23:41,,,
2021/08/23 23:42,,,
2021/08/23 23:43,,,
2021/08/23 23:44,,,
2021/08/23 23:45,,,
2021/08/23 23:46,,,
2021/08/23 23:47,,,
2021/08/23 23:48,,,
2021/08/23 23:49,,,
2021/08/23 23:50,,,
2021/08/23 23:51,,,
2021/08/23 23:52,,,
2021/08/23 23:53,,,
2021/08/23 23:54,,,
2021/08/23 23:55,,,
2021/08/23 23:56,,,
2021/08/23 23:57,,,
2021/08/23 23:58,,,
2021/08/23 23:59,,,
2021/08/24 0:00,,,
